16444 1037
20636 1060
14716 920
14748 921
6988 503
2368 211
16416 1034
7248 530
16080 1014
17444 1098
20564 1052
19116 1117
15660 973
13316 862
15452 954
21452 1123
13420 853
15436 976
20652 1065
16764 1068
6268 469
20768 1074
17032 1086
15620 974
11652 730
7688 574
15500 981
5176 391
12444 793
6524 473
6616 483
20576 1052
12672 814
13120 846
7104 514
7688 560
12664 812
20560 1052
13924 854
7320 536
16420 1034
14996 945
14676 914
13628 876
12792 827
7164 525
15452 954
20648 1063
12664 812
21020 1095
15160 960
16536 1047
12680 815
14908 940
16824 1072
16220 1017
16468 1041
13080 840
20748 1071
20672 1062
7144 519
21148 1110
19116 1117
14676 914
21064 1102
15884 993
16648 1055
14732 918
22476 1192
20624 1056
16196 1017
20640 1063
14808 930
16208 1015
8308 618
14804 929
20764 1077
11452 733
15432 975
15000 946
13936 855
16468 1041
16708 1068
7556 558
14284 886
20640 1060
20732 1069
7852 573
20628 1060
12636 809
10652 666
6888 510
10664 668
17140 1090
22784 1223
16420 1034
15720 980
18884 1098
12892 825
16512 1043
7300 537
6920 511
14980 942
20588 1052
20640 1061
20672 1065
7628 565
7388 545
17128 1088
8012 592
20624 1059
12188 772
20092 1197
20652 1064
9000 651
16536 1047
15292 972
20660 1059
12484 798
15820 992
20652 1065
7528 562
7360 542
12620 806
16280 1026
20684 1069
5640 453
14456 939
16372 1050
16888 1082
14688 915
7024 510
20680 1066
19388 1132
15708 975
15056 936
20604 1056
12848 822
15660 973
6644 486
8248 611
13388 849
20636 1059
21576 1139
6796 497
20652 1064
12728 822
12492 800
20796 1230
20580 1052
12492 800
16716 1061
7292 536
15724 981
20716 1068
13036 837
12516 802
20580 1053
17056 1082
21676 1147
14560 906
17180 1096
15048 948
16888 1082
24676 1309
16416 1034
20560 1051
16156 1021
20588 1052
14748 921
19076 1197
20636 1061
20632 1059
5592 419
10824 687
10252 641
21348 1117
22500 1218
5512 411
13068 838
16152 1031
16368 1055
19444 1136
16540 1048
7560 559
12680 815
20852 1239
12088 760
16856 1078
15732 982
15660 973
6520 472
12884 837
20604 1057
16584 1054
11384 727
16796 1069
20652 1065
10588 661
15116 945
7688 574
17488 1124
17208 1099
20628 1060
