148 40
156 41
488 74
192 43
432 66
528 75
328 59
588 84
544 78
160 42
476 72
248 51
500 72
672 93
156 41
152 41
156 42
384 59
240 50
560 81
528 80
152 41
108 35
256 51
256 53
1056 120
244 51
652 91
300 57
500 75
576 82
348 61
240 50
540 77
648 89
412 62
984 108
448 69
520 78
316 60
348 61
272 54
236 49
608 88
480 73
548 79
260 52
232 49
464 70
268 53
252 50
260 52
396 68
256 53
304 58
316 60
996 110
476 72
304 60
356 67
288 57
304 58
528 80
576 84
204 45
172 44
252 52
284 56
572 83
284 56
228 48
468 71
444 72
516 75
268 53
548 79
416 67
316 60
476 72
560 81
340 60
516 78
280 55
200 45
592 85
284 56
272 54
640 92
120 37
216 48
328 60
404 72
124 37
256 53
988 109
296 54
716 99
360 63
348 61
272 54
300 59
144 39
360 63
268 53
172 42
352 62
740 95
552 79
404 63
548 79
544 78
544 78
212 50
304 55
316 60
420 64
356 63
500 72
272 54
404 61
616 89
312 56
568 80
540 77
356 63
308 60
616 89
272 54
668 92
280 55
184 44
224 47
248 51
112 35
292 57
600 86
216 48
336 61
132 39
340 62
252 52
256 51
784 101
532 76
728 101
128 38
456 68
196 44
212 45
548 79
580 83
584 83
484 74
324 59
256 53
408 70
400 69
316 57
596 86
276 55
424 73
660 91
292 58
444 75
792 102
288 57
328 59
500 72
316 60
276 57
432 66
340 62
592 85
272 54
460 69
304 58
540 80
64 28
316 57
128 38
400 69
304 58
620 88
536 77
596 86
248 51
328 62
216 47
668 92
280 51
432 66
292 58
228 48
260 54
564 81
480 73
516 78
284 56
120 35
360 63
232 48
1072 121
928 105
200 47
344 65
228 48
192 43
316 60
316 60
356 63
