6492 469
14684 916
7288 535
6636 482
7216 526
12420 790
2716 245
3600 321
11964 760
5512 411
7628 565
7356 543
6572 477
7340 540
6952 503
5484 408
7572 561
7248 530
7376 545
6552 473
3276 289
4824 356
3336 298
3232 283
12204 775
3260 288
12176 770
7564 560
3096 271
7516 553
7748 569
3400 303
3020 268
12368 786
3308 293
7308 537
5820 437
5608 420
7288 535
7368 543
3612 309
7256 531
7508 552
6892 494
10636 668
7148 520
7364 543
7340 540
11628 728
14824 931
6988 508
6492 469
10588 661
5456 403
7416 550
7352 540
10676 671
7056 514
6592 481
7244 529
7336 539
7116 514
7020 509
12716 820
16364 1029
6220 445
12224 770
6572 477
6924 512
5752 438
3628 312
3288 291
3516 312
3196 281
12416 793
7168 522
3800 324
13052 840
3740 324
7364 542
12552 804
5496 410
12376 787
6952 503
6648 487
7368 543
3508 310
10792 683
7532 556
5392 398
3168 278
3916 337
7168 522
7356 541
7480 555
7400 549
5160 390
11916 753
7556 558
6976 503
3164 277
5872 445
3596 320
7328 538
12412 792
3468 307
5472 405
3444 302
7132 517
7212 525
14352 883
3240 284
3648 314
6908 497
12492 800
7372 544
5772 433
7184 529
3336 298
3528 314
16348 1028
6484 468
13948 857
2880 251
7384 546
3280 290
7340 540
10656 667
12064 758
6664 490
7020 509
12964 836
6764 493
6764 493
5276 389
7268 533
7296 534
7256 531
15068 952
12456 795
3208 283
12008 763
14684 916
7340 540
5908 449
7232 527
7256 531
3176 279
12380 788
5456 403
12876 827
7308 539
6544 474
5612 423
3880 332
6704 493
5760 431
7540 557
6400 463
12572 804
7492 553
10624 666
2572 236
7116 521
6220 445
4768 351
7244 529
12488 799
11728 738
7344 541
6672 487
10624 666
3212 284
7340 538
5596 420
5548 416
2592 238
12652 812
7072 517
7064 515
6680 484
7384 546
6592 479
7276 533
3372 296
10756 681
7376 545
1496 164
5548 413
13872 847
7372 544
12716 817
3916 337
15804 989
5628 424
7312 535
1788 192
3468 305
7308 539
5488 407
12396 791
7248 530
7400 547
7340 540
5532 410
7244 529
7100 520
12376 787
11612 725
3564 316
