20760 1073
20736 1070
20756 1071
20760 1073
20700 1064
20736 1069
20696 1063
20700 1063
21036 1099
20636 1060
21036 1100
20740 1068
20628 1055
17044 1088
16776 1070
20720 1069
20684 1064
20716 1067
20712 1065
20728 1066
20704 1066
20704 1065
20760 1072
19480 1140
21580 1140
21060 1098
20668 1061
20736 1070
28180 1696
20700 1065
20700 1064
20700 1064
19328 1135
20748 1070
20700 1063
20716 1066
20696 1063
23836 1417
16412 1033
20716 1068
20660 1067
20700 1065
20760 1073
20700 1064
16956 1076
20756 1253
16488 1043
20716 1067
12416 793
20620 1237
20700 1064
20744 1070
20712 1066
20740 1067
20764 1072
20744 1070
20672 1062
20712 1066
16384 1030
21468 1129
20728 1066
20664 1063
20716 1068
20752 1072
17220 1101
20676 1063
20936 1253
16472 1042
25796 1564
20712 1065
20588 1052
20720 1069
20716 1067
20028 1187
20740 1068
20696 1063
20712 1066
20732 1068
20672 1063
16856 1078
15012 948
20704 1066
20808 1074
16460 1040
21244 1276
20712 1066
20684 1061
20700 1065
20716 1066
20668 1061
12172 769
20708 1068
21484 1132
16892 1083
7052 513
19856 1175
20700 1065
20716 1068
20588 1055
16780 1071
20704 1064
21284 1269
20736 1070
20688 1069
20728 1066
20676 1064
15012 948
15976 1003
20740 1067
20704 1066
21024 1098
20700 1065
20940 1088
27932 1672
20704 1066
21032 1098
20716 1066
21020 1096
20668 1061
20720 1070
20716 1068
20740 1067
20728 1067
20676 1064
17304 1110
20740 1067
20804 1081
16788 1072
33900 1820
16796 1069
20700 1064
20744 1070
16288 1019
20704 1066
20648 1063
32732 1911
20684 1061
20744 1070
20732 1068
20756 1071
20740 1067
20740 1068
20712 1066
20740 1067
20744 1070
16472 1042
20712 1065
20676 1064
21004 1096
16596 1056
19076 1114
20684 1061
20716 1067
33880 1815
25684 1552
20748 1070
20748 1072
20720 1068
20760 1073
20668 1061
20704 1064
16852 1077
21492 1132
20776 1072
20744 1070
20720 1068
19788 1169
20700 1064
20744 1070
20744 1070
20756 1071
20640 1063
20704 1066
20556 1232
20716 1067
20708 1064
20712 1067
15068 952
20740 1067
5580 417
22352 1359
20716 1067
20624 1057
20696 1063
21020 1096
20744 1070
17204 1100
