268 53
348 61
288 57
132 39
460 69
276 55
112 35
444 68
368 65
276 55
372 66
284 56
112 35
284 56
288 57
352 62
672 93
216 46
260 52
380 58
272 54
536 79
272 54
584 84
116 36
396 68
448 67
372 65
224 47
832 105
136 40
176 45
132 37
576 82
792 103
256 53
264 53
144 39
116 36
304 58
544 78
140 39
364 64
576 84
656 90
224 47
156 41
572 83
508 76
240 50
268 54
396 68
384 68
692 97
124 37
160 42
204 45
412 62
1056 120
204 48
296 58
456 68
156 41
544 78
340 60
228 48
660 91
516 78
576 82
416 72
356 66
560 81
476 72
468 71
1056 125
464 70
264 55
276 55
268 53
436 74
416 63
288 57
528 75
232 48
612 87
560 81
164 38
544 78
284 56
592 85
320 61
484 74
508 73
400 69
240 50
364 67
228 48
272 54
320 58
248 51
460 69
620 85
440 68
324 62
1008 113
316 60
368 65
636 91
528 75
336 64
224 47
396 61
364 64
356 63
220 46
412 64
256 53
428 65
532 78
396 68
320 61
492 73
208 49
288 57
284 56
288 57
360 63
556 80
240 50
304 60
316 57
428 65
524 76
608 86
344 61
592 85
228 48
592 85
548 79
120 36
596 86
416 63
280 55
464 70
356 63
344 61
316 60
188 45
376 66
368 65
244 51
576 84
660 91
572 81
268 53
604 87
684 95
280 55
488 74
576 84
432 66
364 64
336 64
160 42
132 39
240 50
412 71
476 72
356 63
200 45
752 97
484 73
168 44
324 59
620 90
508 76
568 83
576 82
152 41
628 90
516 75
300 59
272 54
608 88
220 48
160 42
236 49
288 57
388 68
336 61
516 75
316 57
196 47
288 57
588 84
268 53
148 40
468 71
272 54
716 99
140 40
240 50
244 51
240 50
236 49
944 108
284 56
328 62
248 51
