20636 1060
13868 846
13996 861
2600 236
20588 1053
16156 1012
7620 568
16596 1056
20588 1052
20612 1060
20688 1069
16936 1082
5460 399
7380 545
16916 1073
12820 832
20652 1064
21036 1100
11044 708
18956 1098
20588 1053
14664 912
16660 1057
16472 1042
14680 915
20588 1053
16436 1037
12344 783
7316 540
12172 769
5956 456
15852 989
12284 777
3552 314
16472 1042
20600 1056
14676 914
14552 900
13896 910
14356 879
6472 467
7380 545
16376 1028
12740 824
16436 1037
12548 808
20652 1064
7620 568
14360 898
13844 896
16660 1057
7300 537
7300 537
3288 291
20636 1059
20564 1052
12108 764
12492 800
14764 924
2632 240
15656 972
5468 405
15764 988
5460 399
14552 950
16356 1033
15656 972
16660 1057
3032 257
12500 801
16136 1022
3160 276
20588 1052
13804 841
16024 1010
20596 1056
7372 544
20652 1064
12364 785
12772 825
7428 552
20652 1064
20596 1056
16412 1033
7620 568
7484 549
16076 1004
8716 625
7428 552
3736 328
16484 1044
14740 924
14852 936
16596 1056
20608 1057
3152 275
7304 538
20588 1052
7256 531
16812 1072
10640 664
16436 1037
12740 824
20636 1060
16416 1034
20644 1062
15384 948
12492 800
12420 793
19048 1111
13468 857
18788 1172
7300 537
7380 545
7064 515
7620 568
15956 1004
15752 986
20684 1067
5716 433
3412 305
11320 731
15496 960
15496 960
14804 929
12696 818
20636 1059
13600 823
7620 568
15496 960
20608 1057
16152 1011
20636 1060
16136 1022
16036 1012
3168 278
20668 1064
17112 1090
16088 1015
20680 1066
6404 488
14580 905
17620 1140
3156 271
12184 771
12420 793
12500 801
10572 658
14804 929
16460 1040
20652 1064
7380 545
19164 1124
20580 1054
20636 1059
15100 956
20720 1070
20548 1050
15124 960
19148 1121
12740 824
14776 924
16472 1042
