592 85
780 106
240 50
496 76
312 59
1280 135
448 69
524 79
164 43
1228 134
396 68
564 82
492 73
244 51
288 57
248 51
608 88
784 105
672 93
1100 126
668 92
872 110
376 66
228 53
548 79
464 70
496 74
452 72
264 55
584 83
336 64
1336 145
284 56
336 61
236 49
592 85
960 109
620 90
480 73
596 86
448 76
604 87
576 82
480 73
1060 121
512 77
1196 128
1036 116
588 84
1112 128
784 101
724 101
564 84
244 51
220 51
380 67
524 77
708 98
176 43
140 40
272 56
480 73
608 88
284 56
580 85
444 68
560 81
280 56
288 57
568 83
480 73
1448 157
560 81
244 51
524 79
500 72
596 86
624 89
336 59
468 71
304 58
1156 130
380 65
648 90
480 73
760 105
468 73
788 106
556 80
300 59
292 58
384 68
1456 159
556 80
364 64
572 81
680 95
1244 142
632 88
604 87
936 120
648 93
560 81
528 80
572 86
688 96
628 90
1008 113
364 64
460 78
1040 117
1076 123
476 72
1032 116
248 52
1180 134
804 103
188 45
592 85
204 46
432 66
1360 148
652 94
748 96
284 56
240 50
504 77
360 64
432 66
684 95
316 60
700 98
544 78
736 103
604 87
1224 137
512 77
564 82
480 77
688 96
392 67
744 104
556 80
1016 114
1056 120
772 99
560 81
356 63
652 89
324 62
572 83
780 109
492 75
740 103
260 54
592 85
332 63
332 63
336 61
1092 124
576 82
284 56
784 103
652 94
240 50
236 49
292 58
268 55
592 85
532 76
564 82
764 106
688 96
304 58
684 95
288 57
768 100
760 105
140 38
544 81
736 103
272 54
292 58
232 49
608 88
640 89
300 59
752 101
272 54
544 78
1216 130
568 82
400 69
496 76
480 77
1208 131
352 62
380 67
452 70
624 89
332 60
308 56
536 81
292 58
