112 35
84 32
112 35
76 30
88 33
88 33
92 34
84 32
120 37
80 31
116 36
92 34
88 33
108 34
92 34
84 32
116 36
88 33
76 30
80 31
84 32
92 34
88 33
84 32
96 35
92 34
84 32
84 32
88 33
76 30
88 33
80 31
144 39
88 33
80 31
92 34
152 41
80 31
108 34
84 32
124 38
88 33
112 35
84 32
84 32
88 33
88 33
92 34
84 32
80 31
116 36
92 34
88 33
72 30
112 35
148 40
116 36
84 32
84 32
116 36
80 31
128 39
80 31
124 38
88 33
92 34
108 34
120 37
88 33
80 31
156 42
80 31
80 31
80 31
116 36
84 32
80 31
80 31
68 29
64 28
92 34
88 33
92 34
64 28
84 32
120 37
80 31
84 32
92 34
84 32
144 39
88 33
76 30
80 31
84 32
84 32
108 34
84 32
84 32
120 37
88 33
92 34
88 33
112 35
80 31
92 34
88 33
68 29
120 37
88 33
92 34
88 33
116 36
116 36
92 34
84 32
80 31
88 33
120 37
120 37
72 30
96 35
80 31
120 37
72 30
144 39
112 35
116 36
116 36
80 31
88 33
84 32
84 32
84 32
124 38
72 30
84 32
120 37
84 32
96 35
88 33
88 33
84 32
112 35
64 28
88 33
108 34
116 36
116 36
120 37
76 30
88 33
92 34
92 34
116 36
92 34
84 32
80 31
84 32
84 32
124 38
84 32
80 31
84 32
84 32
84 32
152 41
80 31
116 36
88 33
80 31
80 31
84 32
92 34
92 34
88 33
116 36
80 31
76 30
112 35
80 31
80 31
84 32
112 35
120 37
88 33
84 32
88 33
116 36
84 32
116 36
84 32
124 38
92 34
88 33
84 32
88 33
80 31
72 30
92 34
92 34
108 34
84 32
84 32
116 36
84 32
88 33
156 42
152 41
