796 112
796 112
792 111
796 112
1240 143
796 112
1436 160
792 111
796 112
796 112
780 109
796 112
796 112
1628 176
796 112
792 111
1436 160
796 112
784 110
796 112
660 96
1436 160
796 112
668 97
1436 160
1436 160
796 112
1624 175
780 109
796 112
1244 144
1436 160
784 110
796 112
1244 144
1436 160
1240 143
1436 160
796 112
1240 143
792 111
792 111
796 112
784 110
780 109
796 112
1244 144
796 112
672 98
784 110
796 112
796 112
796 112
784 110
1240 143
784 110
796 112
796 112
784 110
796 112
792 111
796 112
780 109
1244 144
792 111
796 112
1628 176
796 112
792 111
796 112
1244 144
1244 144
792 111
796 112
780 109
796 112
796 112
1240 143
792 111
1436 160
1436 160
1244 144
796 112
796 112
1244 144
672 98
1436 160
1244 144
668 97
792 111
1244 144
796 112
792 111
796 112
796 112
1436 160
668 97
1244 144
796 112
1436 160
796 112
796 112
796 112
784 110
672 98
784 110
796 112
796 112
1240 143
672 98
668 97
796 112
796 112
796 112
792 111
1244 144
1244 144
796 112
796 112
796 112
796 112
796 112
780 109
1244 144
1244 144
672 98
796 112
1244 144
1244 144
1708 184
1244 144
1708 184
792 111
796 112
668 97
796 112
792 111
1244 144
796 112
796 112
796 112
796 112
796 112
796 112
1244 144
784 110
796 112
796 112
796 112
796 112
1244 144
784 110
1244 144
1244 144
1436 160
1436 160
656 95
780 109
668 97
796 112
796 112
792 111
780 109
792 111
796 112
796 112
792 111
784 110
796 112
796 112
1232 142
1244 144
1436 160
792 111
792 111
796 112
792 111
1244 144
796 112
1244 144
792 111
796 112
1244 144
796 112
796 112
796 112
796 112
1244 144
792 111
1240 143
1244 144
796 112
1244 144
796 112
796 112
796 112
796 112
796 112
792 111
1244 144
1244 144
796 112
796 112
792 111
668 97
1240 143
1244 144
796 112
1228 141
796 112
